          14
               1   -1.89078337E+02
  Ru      0.792165E+00    0.243527E+01    0.426553E+01
  Ru      0.316546E+01    0.106598E+01    0.426385E+01
  Ru      0.791612E+00   -0.303177E+00    0.426640E+01
  Ru      0.316429E+01   -0.167507E+01    0.426770E+01
  Ru      0.158322E+01    0.106328E+01    0.641469E+01
  Ru      0.395619E+01   -0.302732E+00    0.641442E+01
  Ru      0.158179E+01    0.380535E+01    0.641483E+01
  Ru      0.395628E+01    0.243570E+01    0.641466E+01
  Ru      0.790561E+00    0.243696E+01    0.847199E+01
  Ru      0.316447E+01    0.106243E+01    0.847287E+01
  Ru      0.790607E+00   -0.302394E+00    0.847357E+01
  Ru      0.316246E+01   -0.167221E+01    0.847195E+01
  C       0.339023E+01    0.107789E+01    0.104713E+02
  O       0.338504E+01    0.107405E+01    0.119717E+02
